00100011101111011111111111111000
00100000101010001111111111111111
10101111101010000000000000000000
10101111101111110000000000000100
00010100000001010000000000000011
00000000000000000001000000100000
00100011101111010000000000001000
00000011111000000000000000001000
00000000000010000010100000100000
00001100000000000000000000000000
10001111101010000000000000000000
00000000000010000100100010000000
00000001001001000100100000100000
10001101001010100000000000000000
00000000010010100001000000100000
10001111101111110000000000000100
00100011101111010000000000001000
00000011111000000000000000001000

